[gd_scene load_steps=9 format=2]

[ext_resource path="res://Player.tscn" type="PackedScene" id=1]
[ext_resource path="res://Main.gd" type="Script" id=2]
[ext_resource path="res://Mob.tscn" type="PackedScene" id=3]

[sub_resource type="BoxShape" id=1]
extents = Vector3( 30, 1, 30 )

[sub_resource type="CubeMesh" id=2]
size = Vector3( 60, 2, 60 )

[sub_resource type="CylinderMesh" id=3]

[sub_resource type="SpatialMaterial" id=4]
albedo_color = Color( 0.0434808, 0.761719, 0.273541, 1 )

[sub_resource type="Curve3D" id=5]
_data = {
"points": PoolVector3Array( 0, 0, 0, 0, 0, 0, -10.0492, 0, -7.93225, 0, 0, 0, 0, 0, 0, -10.0492, 0, 9.81966, 0, 0, 0, 0, 0, 0, 11.6816, 0, 9.81966, 0, 0, 0, 0, 0, 0, 11.8346, 0, -7.93225, 0, 0, 0, 0, 0, 0, -10.0492, 0, -7.93225 ),
"tilts": PoolRealArray( 0, 0, 0, 0, 0 )
}

[node name="Main" type="Node"]
script = ExtResource( 2 )
mob_scene = ExtResource( 3 )

[node name="Ground" type="StaticBody" parent="."]
transform = Transform( 0.999997, 0.00183179, -0.00130339, -0.00183041, 0.999998, 0.00104429, 0.00130532, -0.00104188, 0.999999, 0, -3.77808, 0 )
collision_layer = 4
collision_mask = 0

[node name="CollisionShape" type="CollisionShape" parent="Ground"]
shape = SubResource( 1 )

[node name="MeshInstance" type="MeshInstance" parent="Ground"]
transform = Transform( 1, 3.46521e-05, 4.73787e-05, -3.34046e-05, 0.999659, -0.0261071, -4.82666e-05, 0.0261071, 0.999659, 0, 0, 0 )
mesh = SubResource( 2 )

[node name="DirectionalLight" type="DirectionalLight" parent="."]
transform = Transform( 0.769031, -0.0139254, 0.63906, -0.639203, -0.0218983, 0.768726, 0.00328949, -0.999663, -0.0257416, -0.548132, 11.5681, 0.677762 )
shadow_enabled = true

[node name="Player" parent="." instance=ExtResource( 1 )]
collision_mask = 6

[node name="CameraPivot" type="Position3D" parent="."]
transform = Transform( 1, 0, 0, 0, 0.0558739, 0.998437, 0, -0.998437, 0.0558739, 0, -1.04486, -0.635245 )

[node name="Camera" type="Camera" parent="CameraPivot"]
transform = Transform( 1, 0, 0, 0, 1, 5.96046e-08, 0, -5.96046e-08, 1, 0, -1.45174, 5.16267 )
projection = 1
size = 15.0

[node name="Cylinders" type="Spatial" parent="."]
transform = Transform( 1, 0, 0, 0, 1, 0, 0, 0, 1, -10, 0, -8 )

[node name="MeshInstance" type="MeshInstance" parent="Cylinders"]
mesh = SubResource( 3 )
material/0 = SubResource( 4 )

[node name="MeshInstance2" type="MeshInstance" parent="Cylinders"]
transform = Transform( 1, 0, 0, 0, 1, 0, 0, 0, 1, 0, 0, 18 )
mesh = SubResource( 3 )
material/0 = SubResource( 4 )

[node name="MeshInstance3" type="MeshInstance" parent="Cylinders"]
transform = Transform( 1, 0, 0, 0, 1, 0, 0, 0, 1, 22, 0, 18 )
mesh = SubResource( 3 )
material/0 = SubResource( 4 )

[node name="MeshInstance4" type="MeshInstance" parent="Cylinders"]
transform = Transform( 1, 0, 0, 0, 1, 0, 0, 0, 1, 22, 0, 0 )
mesh = SubResource( 3 )
material/0 = SubResource( 4 )

[node name="SpawnPath" type="Path" parent="."]
curve = SubResource( 5 )

[node name="SpawnLocation" type="PathFollow" parent="SpawnPath"]
transform = Transform( 1, 0, 0, 0, 1, 0, 0, 0, 1, -10.0492, 0, -7.93225 )

[node name="MobTimer" type="Timer" parent="."]
wait_time = 0.5
autostart = true

[connection signal="timeout" from="MobTimer" to="." method="_on_MobTimer_timeout"]
